      0/49     3.44G   0.09272   0.05934         0    0.1521        34       640  0.004867    0.3188  0.001679 0.0002484   0.09649   0.04013         0
      1/49     4.02G   0.08656   0.06783         0    0.1544        27       640  0.009067    0.5939  0.006485 0.0008846   0.08829   0.04244         0
      2/49     4.02G   0.08011   0.06017         0    0.1403        18       640   0.01385    0.6288   0.01065  0.001692   0.08155   0.04459         0
      3/49     4.02G   0.08015    0.0595         0    0.1396        26       640   0.01524    0.6332    0.0106  0.001823   0.07642   0.04624         0
      4/49     4.02G   0.07902   0.07036         0    0.1494        20       640   0.01415    0.6332      0.01  0.001749   0.07396   0.04705         0
      5/49     4.02G   0.08025   0.06788         0    0.1481        24       640   0.01586     0.655   0.01187  0.002066   0.07291    0.0472         0
      6/49     4.02G   0.08087   0.05552         0    0.1364        17       640   0.01989    0.4934   0.01316   0.00234   0.07094   0.04724         0
      7/49     4.02G   0.07794    0.0622         0    0.1401        19       640   0.02249    0.5415   0.01459  0.002524   0.06963   0.04655         0
      8/49     4.02G   0.07987   0.05685         0    0.1367        21       640   0.03047    0.4934   0.01909  0.003572   0.06779   0.04555         0
      9/49     4.02G   0.07697   0.06364         0    0.1406        22       640    0.0447    0.4541   0.02748  0.004703   0.06713   0.04388         0
     10/49     4.02G   0.07809   0.05688         0     0.135        45       640   0.05524    0.3581   0.03338  0.005737   0.06639   0.04244         0
